  A Plate Model with      50  Elements
  Plane stress
          50          36               ! Numbers of elements and nodes
        1.d0       0.3d0               ! Young's modulus, Poisson's raio
 # Nodes:
         1    0.000000000000000D+00    0.000000000000000D+00
         2    0.200000000000000D+00    0.000000000000000D+00
         3    0.400000000000000D+00    0.000000000000000D+00
         4    0.600000000000000D+00    0.000000000000000D+00
         5    0.800000000000000D+00    0.000000000000000D+00
         6    0.100000000000000D+01    0.000000000000000D+00
         7    0.000000000000000D+00    0.200000000000000D+00
         8    0.200000000000000D+00    0.200000000000000D+00
         9    0.400000000000000D+00    0.200000000000000D+00
        10    0.600000000000000D+00    0.200000000000000D+00
        11    0.800000000000000D+00    0.200000000000000D+00
        12    0.100000000000000D+01    0.200000000000000D+00
        13    0.000000000000000D+00    0.400000000000000D+00
        14    0.200000000000000D+00    0.400000000000000D+00
        15    0.400000000000000D+00    0.400000000000000D+00
        16    0.600000000000000D+00    0.400000000000000D+00
        17    0.800000000000000D+00    0.400000000000000D+00
        18    0.100000000000000D+01    0.400000000000000D+00
        19    0.000000000000000D+00    0.600000000000000D+00
        20    0.200000000000000D+00    0.600000000000000D+00
        21    0.400000000000000D+00    0.600000000000000D+00
        22    0.600000000000000D+00    0.600000000000000D+00
        23    0.800000000000000D+00    0.600000000000000D+00
        24    0.100000000000000D+01    0.600000000000000D+00
        25    0.000000000000000D+00    0.800000000000000D+00
        26    0.200000000000000D+00    0.800000000000000D+00
        27    0.400000000000000D+00    0.800000000000000D+00
        28    0.600000000000000D+00    0.800000000000000D+00
        29    0.800000000000000D+00    0.800000000000000D+00
        30    0.100000000000000D+01    0.800000000000000D+00
        31    0.000000000000000D+00    0.100000000000000D+01
        32    0.200000000000000D+00    0.100000000000000D+01
        33    0.400000000000000D+00    0.100000000000000D+01
        34    0.600000000000000D+00    0.100000000000000D+01
        35    0.800000000000000D+00    0.100000000000000D+01
        36    0.100000000000000D+01    0.100000000000000D+01
 # Element Connectivity:
         1              1              2              8
         2              1              8              7
         3              2              3              9
         4              2              9              8
         5              3              4             10
         6              3             10              9
         7              4              5             11
         8              4             11             10
         9              5              6             12
        10              5             12             11
        11              7              8             14
        12              7             14             13
        13              8              9             15
        14              8             15             14
        15              9             10             16
        16              9             16             15
        17             10             11             17
        18             10             17             16
        19             11             12             18
        20             11             18             17
        21             13             14             20
        22             13             20             19
        23             14             15             21
        24             14             21             20
        25             15             16             22
        26             15             22             21
        27             16             17             23
        28             16             23             22
        29             17             18             24
        30             17             24             23
        31             19             20             26
        32             19             26             25
        33             20             21             27
        34             20             27             26
        35             21             22             28
        36             21             28             27
        37             22             23             29
        38             22             29             28
        39             23             24             30
        40             23             30             29
        41             25             26             32
        42             25             32             31
        43             26             27             33
        44             26             33             32
        45             27             28             34
        46             27             34             33
        47             28             29             35
        48             28             35             34
        49             29             30             36
        50             29             36             35
 # Boundary Conditions:
           1         1      0.d0     1      0.d0
           2         2      0.d0     2      0.d0
           3         2      0.d0     2      0.d0
           4         2      0.d0     2      0.d0
           5         2      0.d0     2      0.d0
           6         2      0.5d-1   2      0.d0
           7         1      0.d0     2      0.d0
           8         2      0.d0     2      0.d0
           9         2      0.d0     2      0.d0
          10         2      0.d0     2      0.d0
          11         2      0.d0     2      0.d0
          12         2      1.0d-1   2      0.d0
          13         1      0.d0     2      0.d0
          14         2      0.d0     2      0.d0
          15         2      0.d0     2      0.d0
          16         2      0.d0     2      0.d0
          17         2      0.d0     2      0.d0
          18         2      1.0d-1   2      0.d0
          19         1      0.d0     2      0.d0
          20         2      0.d0     2      0.d0
          21         2      0.d0     2      0.d0
          22         2      0.d0     2      0.d0
          23         2      0.d0     2      0.d0
          24         2      1.0d-1   2      0.d0
          25         1      0.d0     2      0.d0
          26         2      0.d0     2      0.d0
          27         2      0.d0     2      0.d0
          28         2      0.d0     2      0.d0
          29         2      0.d0     2      0.d0
          30         2      1.0d-1   2      0.d0
          31         1      0.d0     2      0.d0
          32         2      0.d0     2      0.d0
          33         2      0.d0     2      0.d0
          34         2      0.d0     2      0.d0
          35         2      0.d0     2      0.d0
          36         2      0.5d-1   2      0.d0
 # End of File
